3.05185e-05
40.0012
2.22686e-05
2.14708e-05
6.60346e-05
0.000118478
3.78517e-05
0.000159781
3.17841e-05
2.77425e-05
0.000299366
0.000303632
0.000201975
0.00066715
0.00101193
6.12788e-05
0.00422558
0.000615198
0.00688145
0.00223681
0.0137945
0.00560383
0.0377171
0.00285475
0.111093
0.0455496
0.163821
0.180998
-nan
0.757635
0.660674
0.505832
-nan
3.97475
3.5392
3.55093
1.17541
16.6367
26.7062
26.2832
29.4639
34.9844
43.2718
55.2801
73.8178
108.48
189.335
397.824
906.023
1889.24
2937.75
2612.9
1473.2
1770.55
2275.43
1412.68
7203.23
17415.4
9352.49
5450.66
33152.9
49426.7
72094.9
95852.5
138531
6645.7
529488
0
878822
0
0
0
0
0
1.42516e+07
0
0.000198413
0
0
0
0
6.49079e+07
inf
0
0
0
inf
0
0
0
3.78004e+09
0
0
0
0
0
0
0
0
0
